BD000000001[01][00][00][00][00][00][00][00][00]L00  000<;<31?7;0702050000
BD000000002[01][00][00][00][00][00][00][00][00]L00  000;5;??>>>0702050000
BD000000003[01][00][00][00][00][00][00][00][00]L00  00018517<000702050000
BD000000004[01][00][00][00][00][00][00][00][00]L00  0005=;2025;0702050000
BD000000005[01][00][00][00][00][00][00][00][00]L00  0007243=2740702050000
BD000000006[01][00][00][00][00][00][00][00][00]L00  000204<?15:0702050000
BD000000007[01][00][00][00][00][00][00][00][00]L00  000200784800702050000
BD000000008[01][00][00][00][00][00][00][00][00]L00  000<4915>640702050000
BD000000009[01][00][00][00][00][00][00][00][00]L00  000192287650702050000
BD000000010[01][00][00][00][00][00][00][00][00]L00  00021<7:<550702050000
BD000000011[01][00][00][00][00][00][00][00][00]L00  000<:65;1750702050000
BD000000012[01][00][00][00][00][00][00][00][00]L00  000:2?:?4810702050000
BD000000013[01][00][00][00][00][00][00][00][00]L00  000><86?6930702050000
BD000000014[01][00][00][00][00][00][00][00][00]L00  00018?8?3860702050000
BD000000015[01][00][00][00][00][00][00][00][00]L00  0001=>0=;870702050000
BD000000016[01][00][00][00][00][00][00][00][00]L00  000?5?4>=810702050000
BD000000017[01][00][00][00][00][00][00][00][00]L00  0005<=63;890702050000
BD000000018[01][00][00][00][00][00][00][00][00]L00  0001<2;1===0702050000
BD000000019[01][00][00][00][00][00][00][00][00]L00  0001>3:>2:20702050000
BD000000020[01][00][00][00][00][00][00][00][00]L00  000109340:30702050000
BD000000021[01][00][00][00][00][00][00][00][00]L00  00019155>?=0702050000
BD000000022[01][00][00][00][00][00][00][00][00]L00  000212893800702050000
BD000000023[01][00][00][00][00][00][00][00][00]L00  0001;:8456?0702050000
BD000000024[01][00][00][00][00][00][00][00][00]L00  000111;89730702050000
BD000000025[01][00][00][00][00][00][00][00][00]L00  000248?00>00702050000
BD000000026[01][00][00][00][00][00][00][00][00]L00  000;034>:0;0702050000
BD000000027[01][00][00][00][00][00][00][00][00]L00  000627;411<0702050000
BD000000028[01][00][00][00][00][00][00][00][00]L00  0001:82588:0702050000
BD000000029[01][00][00][00][00][00][00][00][00]L00  0001?0836:30702050000
BD000000030[01][00][00][00][00][00][00][00][00]L00  0003:::48030702050000
BD000000031[01][00][00][00][00][00][00][00][00]L00  00021;3257=0702050000
BD000000032[01][00][00][00][00][00][00][00][00]L00  0002009;5440702050000
BD000000033[01][00][00][00][00][00][00][00][00]L00  000:32433;>0702050000
BD000000034[01][00][00][00][00][00][00][00][00]L00  0006=<6=2>30702050000
BD000000035[01][00][00][00][00][00][00][00][00]L00  000741?=:6:0702050000
BD000000036[01][00][00][00][00][00][00][00][00]L00  00078;3<9:<0702050000
BD000000037[01][00][00][00][00][00][00][00][00]L00  0001;9532920702050000
BD000000038[01][00][00][00][00][00][00][00][00]L00  00098712<990702050000
BD000000039[01][00][00][00][00][00][00][00][00]L00  000;:<02<520702050000
BD000000040[01][00][00][00][00][00][00][00][00]L00  000>?>;326<0702050000
BD000000041[01][00][00][00][00][00][00][00][00]L00  0001:14?5540702050000
BD000000042[01][00][00][00][00][00][00][00][00]L00  00020<6411=0702050000
BD000000043[01][00][00][00][00][00][00][00][00]L00  000?9?346>00702050000
BD000000044[01][00][00][00][00][00][00][00][00]L00  00013=664;90702050000
BD000000045[01][00][00][00][00][00][00][00][00]L00  0004>1>=9060702050000
BD000000046[01][00][00][00][00][00][00][00][00]L00  0001514=4170702050000
BD000000047[01][00][00][00][00][00][00][00][00]L00  000:>=2>8240702050000
BD000000048[01][00][00][00][00][00][00][00][00]L00  000?3865<>:0702050000
BD000000049[01][00][00][00][00][00][00][00][00]L00  000207317130702050000
BD000000050[01][00][00][00][00][00][00][00][00]L00  0001344<4130702050000
BD000000051[01][00][00][00][00][00][00][00][00]L00  00011;8<;>00702050000
BD000000052[01][00][00][00][00][00][00][00][00]L00  0001=0<61380702050000
BD000000053[01][00][00][00][00][00][00][00][00]L00  0001067012;0702050000
BD000000054[01][00][00][00][00][00][00][00][00]L00  0001=8?<;5>0702050000
BD000000055[01][00][00][00][00][00][00][00][00]L00  000203=976:0702050000
BD000000056[01][00][00][00][00][00][00][00][00]L00  000<012=8320702050000
BD000000057[01][00][00][00][00][00][00][00][00]L00  0001>;>?>380702050000
BD000000058[01][00][00][00][00][00][00][00][00]L00  0008><62<830702050000
BD000000059[01][00][00][00][00][00][00][00][00]L00  0001906:?2?0702050000
BD000000060[01][00][00][00][00][00][00][00][00]L00  000219>:4690702050000
BD000000061[01][00][00][00][00][00][00][00][00]L00  000719=7?>70702050000
BD000000062[01][00][00][00][00][00][00][00][00]L00  0001?0;>><;0702050000
BD000000063[01][00][00][00][00][00][00][00][00]L00  000>05682770702050000
BD000000064[01][00][00][00][00][00][00][00][00]L00  000?5<8:=450702050000
BD000000065[01][00][00][00][00][00][00][00][00]L00  000?=4225>:0702050000
BD000000066[01][00][00][00][00][00][00][00][00]L00  00010:252190702050000
BD000000067[01][00][00][00][00][00][00][00][00]L00  00039316>>?0702050000
BD000000068[01][00][00][00][00][00][00][00][00]L00  0007==:290<0702050000
BD000000069[01][00][00][00][00][00][00][00][00]L00  00067=0>=?;0702050000
BD000000070[01][00][00][00][00][00][00][00][00]L00  0009;>?59220702050000
BD000000071[01][00][00][00][00][00][00][00][00]L00  0001584205;0702050000
BD000000072[01][00][00][00][00][00][00][00][00]L00  0001:8;3<=70702050000
BD000000073[01][00][00][00][00][00][00][00][00]L00  0001<<5<==>0702050000
BD000000074[01][00][00][00][00][00][00][00][00]L00  000217?5<850702050000
BD000000075[01][00][00][00][00][00][00][00][00]L00  00015:0><;50702050000
BD000000076[01][00][00][00][00][00][00][00][00]L00  00017;3=7270702050000
BD000000077[01][00][00][00][00][00][00][00][00]L00  00014579>1;0702050000
BD000000078[01][00][00][00][00][00][00][00][00]L00  00047>43=8?0702050000
BD000000079[01][00][00][00][00][00][00][00][00]L00  000:660;6?:0702050000
BD000000080[01][00][00][00][00][00][00][00][00]L00  000113083=50702050000
BD000000081[01][00][00][00][00][00][00][00][00]L00  0001;9626;70702050000
BD000000082[01][00][00][00][00][00][00][00][00]L00  0003=3:6:720702050000
BD000000083[01][00][00][00][00][00][00][00][00]L00  000252>13?00702050000
BD000000084[01][00][00][00][00][00][00][00][00]L00  00019>7160<0702050000
BD000000085[01][00][00][00][00][00][00][00][00]L00  000=<>?395<0702050000
BD000000086[01][00][00][00][00][00][00][00][00]L00  000494024?30702050000
BD000000087[01][00][00][00][00][00][00][00][00]L00  00022;5?9>:0702050000
BD000000088[01][00][00][00][00][00][00][00][00]L00  000>:;=31>70702050000
BD000000089[01][00][00][00][00][00][00][00][00]L00  0005200282?0702050000
BD000000090[01][00][00][00][00][00][00][00][00]L00  00013;;36:50702050000
BD000000091[01][00][00][00][00][00][00][00][00]L00  00016<1?<790702050000
BD000000092[01][00][00][00][00][00][00][00][00]L00  00014:27;570702050000
BD000000093[01][00][00][00][00][00][00][00][00]L00  0001<33<;900702050000
BD000000094[01][00][00][00][00][00][00][00][00]L00  0002033?4<=0702050000
BD000000095[01][00][00][00][00][00][00][00][00]L00  0009>97>5:10702050000
BD000000096[01][00][00][00][00][00][00][00][00]L00  0009?1812740702050000
BD000000097[01][00][00][00][00][00][00][00][00]L00  0001=39=>140702050000
BD000000098[01][00][00][00][00][00][00][00][00]L00  00013?=7>960702050000
BD000000099[01][00][00][00][00][00][00][00][00]L00  00064=:8?6:0702050000
BD000000100[01][00][00][00][00][00][00][00][00]L00  0002005>4;10702050000
BD000000001[01][00][00][00][00][00][00][00][00]L00  0008:<7=3250702050000
BD000000002[01][00][00][00][00][00][00][00][00]L00  0001<073;;10702050000
BD000000003[01][00][00][00][00][00][00][00][00]L00  0001?:8256>0702050000
BD000000004[01][00][00][00][00][00][00][00][00]L00  000?2722=150702050000
BD000000005[01][00][00][00][00][00][00][00][00]L00  00021??;:2=0702050000
BD000000006[01][00][00][00][00][00][00][00][00]L00  00019=<1>670702050000
BD000000007[01][00][00][00][00][00][00][00][00]L00  000179<79:60702050000
BD000000008[01][00][00][00][00][00][00][00][00]L00  00012=3:9790702050000
BD000000009[01][00][00][00][00][00][00][00][00]L00  00016=81<970702050000
BD000000010[01][00][00][00][00][00][00][00][00]L00  000201<?8?40702050000
BD000000001[01][00][00][00][00][00][00][00][00]L00  0004=:026910702050000
BD000000002[01][00][00][00][00][00][00][00][00]L00  00022=43;050702050000
BD000000003[01][00][00][00][00][00][00][00][00]L00  00020:496190702050000
BD000000004[01][00][00][00][00][00][00][00][00]L00  000:?0;5=690702050000
BD000000005[01][00][00][00][00][00][00][00][00]L00  00023=7:1>?0702050000
BD000000006[01][00][00][00][00][00][00][00][00]L00  0001=44>>230702050000
BD000000007[01][00][00][00][00][00][00][00][00]L00  000:1>>65=00702050000
BD000000008[01][00][00][00][00][00][00][00][00]L00  000344<:0570702050000
BD000000009[01][00][00][00][00][00][00][00][00]L00  00019:2>5=20702050000
BD000000010[01][00][00][00][00][00][00][00][00]L00  0001?:;63840702050000
BD000000001[01][00][00][00][00][00][00][00][00]L00  0001>1:8>2?0702050000
BD000000002[01][00][00][00][00][00][00][00][00]L00  000557?=;5:0702050000
BD000000003[01][00][00][00][00][00][00][00][00]L00  000<617??630702050000
BD000000004[01][00][00][00][00][00][00][00][00]L00  00026=433880702050000
BD000000005[01][00][00][00][00][00][00][00][00]L00  0001?=64=?40702050000
BD000000006[01][00][00][00][00][00][00][00][00]L00  00016:;680=0702050000
BD000000007[01][00][00][00][00][00][00][00][00]L00  00091859<6?0702050000
BD000000008[01][00][00][00][00][00][00][00][00]L00  00014<0>8450702050000
BD000000009[01][00][00][00][00][00][00][00][00]L00  0005692848=0702050000
BD000000010[01][00][00][00][00][00][00][00][00]L00  0001;<:?<3>0702050000
BD000000001[01][00][00][00][00][00][00][00][00]L00  0002=7?94<20702050000
BD000000002[01][00][00][00][00][00][00][00][00]L00  000:42481240702050000
BD000000003[01][00][00][00][00][00][00][00][00]L00  0003;:<284=0702050000
BD000000004[01][00][00][00][00][00][00][00][00]L00  0000?55141?0702050000
BD000000005[01][00][00][00][00][00][00][00][00]L00  0001>97?6??0702050000
BD000000006[01][00][00][00][00][00][00][00][00]L00  0002174=>?20702050000
BD000000007[01][00][00][00][00][00][00][00][00]L00  00018>28:>>0702050000
BD000000008[01][00][00][00][00][00][00][00][00]L00  0001:6159300702050000
BD000000009[01][00][00][00][00][00][00][00][00]L00  00020;??5010702050000
BD000000010[01][00][00][00][00][00][00][00][00]L00  000:;91<4<20702050000
BD000000011[01][00][00][00][00][00][00][00][00]L00  00023?:09;;0702050000
BD000000012[01][00][00][00][00][00][00][00][00]L00  000;758>?7:0702050000
BD000000013[01][00][00][00][00][00][00][00][00]L00  000227292<50702050000
BD000000014[01][00][00][00][00][00][00][00][00]L00  00023>>05870702050000
BD000000015[01][00][00][00][00][00][00][00][00]L00  00011048<=60702050000
BD000000016[01][00][00][00][00][00][00][00][00]L00  000171079720702050000
BD000000017[01][00][00][00][00][00][00][00][00]L00  0001:7654560702050000
BD000000018[01][00][00][00][00][00][00][00][00]L00  00019;:8<910702050000
BD000000019[01][00][00][00][00][00][00][00][00]L00  000?3=2:85<0702050000
BD000000020[01][00][00][00][00][00][00][00][00]L00  000243667?<0702050000
BD000000001[01][00][00][00][00][00][00][00][00]L00  000127=<12?0702050000
BD000000002[01][00][00][00][00][00][00][00][00]L00  0001171:6<=0702050000
BD000000003[01][00][00][00][00][00][00][00][00]L00  0001?:;63840702050000
BD000000004[01][00][00][00][00][00][00][00][00]L00  00022=?454?0702050000
BD000000005[01][00][00][00][00][00][00][00][00]L00  000170?0;3;0702050000
BD000000006[01][00][00][00][00][00][00][00][00]L00  00007<192450702050000
BD000000007[01][00][00][00][00][00][00][00][00]L00  000224604490702050000
BD000000008[01][00][00][00][00][00][00][00][00]L00  00019?4;94;0702050000
BD000000009[01][00][00][00][00][00][00][00][00]L00  000?895=8=:0702050000
BD000000010[01][00][00][00][00][00][00][00][00]L00  0009827>>690702050000
